db 15, 169, 72, 20, 140, 146, 43, 8, 136, 111, 152, 171, 95, 167, 13, 114
db 189, 156, 158, 83, 173, 93, 153, 212, 185, 147, 172, 111, 130, 201, 83, 154
db 66, 222, 95, 134, 193, 23, 83, 75, 91, 183, 232, 37, 122, 172, 245, 65
db 172, 32, 195, 34, 80, 66, 254, 155, 222, 203, 112, 183, 15, 176, 29, 54
db 250, 118, 245, 90, 234, 97, 102, 66, 13, 108, 212, 34, 249, 68, 10, 96
db 62, 61, 242, 31, 57, 80, 73, 188, 178, 2, 201, 124, 54, 249, 134, 1
db 134, 39, 209, 215, 245, 3, 182, 71, 253, 239, 79, 99, 73, 56, 150, 180
db 174, 237, 180, 162, 214, 69, 236, 252, 1, 199, 7, 21, 49, 141, 37, 51
db 151, 58, 10, 151, 33, 142, 15, 113, 252, 66, 120, 223, 248, 193, 145, 175
db 75, 131, 211, 95, 91, 216, 254, 175, 163, 228, 179, 140, 166, 198, 230, 192
db 208, 87, 57, 209, 253, 180, 59, 137, 204, 48, 4, 45, 96, 149, 0, 46
db 136, 236, 75, 212, 17, 250, 166, 199, 36, 189, 192, 98, 173, 231, 11, 233
db 99, 178, 152, 27, 23, 232, 28, 77, 143, 113, 25, 244, 74, 44, 207, 76
db 86, 90, 29, 186, 93, 193, 205, 244, 95, 49, 155, 204, 100, 139, 149, 20
db 21, 148, 248, 122, 177, 53, 251, 77, 133, 254, 147, 102, 13, 175, 167, 109
db 189, 86, 86, 70, 243, 30, 30, 142, 255, 41, 160, 111, 240, 35, 31, 1